Game: 5000
Max Score: 5
mavg_reward: [-0.1, 0.11, -0.46, -0.3, -0.67, -0.73, -0.54, -0.43, -0.14, -0.31, -0.78, -0.7, -0.59, -0.52, -0.62, -0.41, -0.15, -0.5, -0.42, 0.24, -0.11, -0.33, 0.0, -0.46, -0.49, 0.29, -0.15, -0.47, -0.55, -0.62, -0.58, -0.35, -0.21, -0.72, -0.74, -0.56, -0.81, -0.53, -0.52, -0.32, -0.44, -0.43, -0.18, -0.9, 0.0, -0.16, 0.01, -0.39, -0.59, -0.43]
var_reward: [6.610000000000001, 4.5779000000000005, 8.288400000000001, 8.010000000000002, 9.5211, 9.377099999999997, 8.688399999999998, 8.345099999999999, 7.120400000000001, 7.9939, 9.811599999999999, 8.889999999999999, 9.1419, 8.7296, 9.0756, 7.821900000000002, 6.5474999999999985, 8.77, 7.803599999999998, 4.102399999999999, 6.597899999999999, 7.961100000000001, 5.6, 8.288400000000003, 8.7899, 4.1259, 6.547499999999998, 8.269099999999998, 8.6675, 9.6356, 8.6036, 7.3675, 7.025900000000002, 9.961599999999999, 9.912400000000002, 8.646399999999998, 10.293899999999999, 8.709100000000001, 8.7296, 7.4176, 8.326400000000001, 8.3451, 7.067600000000001, 10.609999999999996, 6.16, 6.5344, 5.609899999999998, 8.4179, 9.141900000000001, 8.345100000000002]
mavg_steps: [4.9, 5.09, 4.86, 4.8, 4.77, 4.83, 4.84, 4.83, 4.84, 4.81, 4.78, 4.9, 4.79, 4.82, 4.82, 4.91, 4.95, 4.8, 4.92, 5.06, 4.91, 4.83, 5.0, 4.86, 4.79, 5.01, 4.95, 4.87, 4.85, 4.72, 4.88, 4.95, 4.91, 4.72, 4.74, 4.86, 4.71, 4.83, 4.82, 4.92, 4.84, 4.83, 4.88, 4.7, 4.9, 4.96, 4.99, 4.79, 4.79, 4.83]
var_steps: [0.6099999999999999, 0.5619, 0.8003999999999999, 0.6600000000000003, 0.8570999999999998, 0.9410999999999998, 0.8344, 0.7610999999999999, 0.5943999999999999, 0.6739000000000003, 0.9316, 0.97, 0.8259000000000001, 0.8075999999999997, 0.8675999999999996, 0.8019, 0.6675, 0.7800000000000002, 0.8136, 0.47639999999999977, 0.6218999999999999, 0.7011, 0.6, 0.8004000000000001, 0.7659, 0.4299000000000001, 0.6675, 0.8131, 0.8474999999999998, 0.7816000000000001, 0.8856, 0.7874999999999999, 0.6819, 0.8416000000000002, 0.8724, 0.8603999999999999, 0.8859, 0.8210999999999999, 0.8075999999999997, 0.7535999999999998, 0.7744, 0.7611, 0.6456000000000001, 0.93, 0.5499999999999998, 0.6783999999999998, 0.5899000000000001, 0.7059000000000001, 0.8259000000000001, 0.7610999999999999]
