Game: 6500
Max Score: 145
mavg_reward: [-9.14, -9.63, -9.04, -7.96, -8.61, -7.73, -8.53, -6.47, -6.07, -5.57, -4.2, -3.76, -3.44, -3.27, -5.46, -4.19, -2.01, -1.78, -2.7, -1.88, -1.67, -0.56, -1.66, -1.37, -0.08, -0.45, -0.8, -0.24, -0.96, -0.48, -0.4, -0.24, -0.72, -0.16, -0.56, -0.32, -0.24, -0.08, -1.12, -0.16, -0.64, -0.16, -0.4, -0.16, -0.48, -0.14, -0.64, 0.0, -0.7, -0.24, -0.48, -0.61, -0.4, -0.4, -0.24, -0.63, 0.08, -0.48, -0.54, -0.4, -0.24, -0.08, -0.38, 0.08, -0.72]
var_reward: [7.051269389266022, 7.859586503118341, 8.515773599620884, 5.564027318408852, 8.648577917785097, 4.801780919617221, 5.292362421452257, 4.3713956581394005, 5.751964881673044, 7.5924370264098995, 9.196738552334734, 8.29351553926319, 9.151305917736552, 2.690185867184645, 14.732562574107734, 3.0779701103162136, 3.629035684586196, 3.2698012171996025, 3.096772513440404, 6.574617859617392, 3.5441642174143118, 3.4994856764959046, 3.6144709156389685, 3.8148525528518133, 3.5090739519138094, 3.658893275295141, 3.7416573867739413, 3.591991091302983, 3.8624344654634593, 3.699945945551096, 3.6660605559646715, 3.591991091302983, 3.789670170344644, 3.5516756608676987, 3.7318092127009916, 3.6300964174522967, 3.5919910913029836, 3.5090739519138094, 3.9019994874423034, 3.5516756608676987, 3.7617017425627997, 3.5516756608676983, 3.6660605559646715, 3.5516756608676983, 3.699945945551096, 3.5214201680572, 3.761701742562799, 3.4641016151377544, 3.764306044943742, 3.591991091302983, 3.699945945551096, 3.7226200450757796, 3.6660605559646715, 3.6660605559646715, 3.591991091302983, 3.74874645715071, 3.41666504065002, 3.699945945551096, 3.7051855554074486, 3.6660605559646715, 3.5919910913029836, 3.5090739519138094, 3.638076414810442, 3.41666504065002, 3.789670170344644]
mavg_steps: [5.54, 5.73, 5.64, 4.36, 5.61, 4.33, 6.93, 4.27, 5.17, 4.27, 5.1, 3.86, 4.74, 3.67, 5.56, 4.39, 3.51, 4.08, 3.3, 4.28, 3.57, 3.56, 3.16, 2.97, 3.48, 3.35, 3.2, 3.44, 3.26, 3.38, 3.4, 3.44, 3.32, 3.46, 3.36, 3.42, 3.44, 3.48, 3.22, 3.46, 3.34, 3.46, 3.4, 3.46, 3.38, 3.44, 3.34, 3.5, 3.3, 3.44, 3.38, 3.31, 3.4, 3.4, 3.44, 3.33, 3.52, 3.38, 3.34, 3.4, 3.44, 3.48, 3.38, 3.52, 3.32]
var_steps: [6.974840499968441, 7.838182187216625, 8.724127463534677, 5.712302512997715, 9.054164787543908, 6.214587677392604, 7.162757848761885, 5.135864094775094, 5.276466620760526, 7.2991163848783795, 9.654532614269838, 8.254719861994106, 9.197412679661605, 2.5497254754188736, 14.375896493784309, 2.153578417425286, 1.6762756336593336, 1.8367362358270172, 2.0952326839756963, 5.966707634868663, 1.6867424225411538, 1.2674383614203888, 1.5344054223053307, 1.2037856952132304, 0.8772684879784524, 0.9836157786452999, 1.0954451150103324, 0.8979977728257458, 0.9656086163658649, 0.9249864863877741, 0.9165151389911679, 0.8979977728257458, 0.9474175425861611, 0.8879189152169247, 0.932952303175248, 0.9075241043630743, 0.8979977728257459, 0.8772684879784524, 0.9754998718605759, 0.8879189152169247, 0.9404254356406997, 0.8879189152169246, 0.9165151389911679, 0.8879189152169246, 0.9249864863877741, 0.9308061022576075, 0.9404254356406997, 0.8660254037844386, 0.9848857801796104, 0.8979977728257458, 0.9249864863877743, 0.9969453345093703, 0.9165151389911679, 0.9165151389911679, 0.8979977728257458, 0.9597395480024776, 0.854166260162505, 0.9249864863877743, 0.9718024490605072, 0.9165151389911679, 0.8979977728257459, 0.8772684879784524, 0.9568698971124548, 0.854166260162505, 0.947417542586161]
end_count: [0.96, 0.99, 0.94, 0.96, 0.9, 0.94, 0.76, 0.82, 0.69, 0.73, 0.51, 0.59, 0.47, 0.56, 0.59, 0.58, 0.45, 0.37, 0.54, 0.36, 0.41, 0.3, 0.45, 0.44, 0.26, 0.31, 0.36, 0.28, 0.37, 0.31, 0.3, 0.28, 0.34, 0.27, 0.32, 0.29, 0.28, 0.26, 0.39, 0.27, 0.33, 0.27, 0.3, 0.27, 0.31, 0.27, 0.33, 0.25, 0.34, 0.28, 0.31, 0.33, 0.3, 0.3, 0.28, 0.33, 0.24, 0.31, 0.32, 0.3, 0.28, 0.26, 0.3, 0.24, 0.34]
